449 15811
449 36315
3940 255726
9598 509208
9868 15811
10616 331815
14247 167850
15811 449
15811 29595
15811 44179
15811 72216
15811 101580
15811 158442
15811 167850
15811 214264
15811 313836
15811 323419
15811 353329
15811 364819
15811 367882
15811 367990
15811 397764
15811 488188
15811 497062
15811 507948
15811 511925
16395 3940
18306 158442
19421 364819
19421 511037
20275 295286
21005 159370
29595 421095
36859 93977
50737 68396
57576 15811
57576 175814
57576 493955
68396 158442
72216 15811
72216 21005
72216 163331
72216 174392
72216 216503
72216 364819
72216 403828
72216 466750
72216 497359
72216 507948
72216 510715
75060 367882
75060 497359
75060 509575
80864 369420
81249 15811
93977 488442
101580 178692
106828 93977
129271 295286
130518 225694
158442 20275
158442 72216
158442 81249
158442 167850
158442 186134
158442 295286
158442 331815
158442 349903
158442 364819
158442 367882
158442 367990
158442 380067
158442 397764
158442 451083
158442 466750
158442 488442
158442 496493
158442 505657
158442 507948
158442 510115
158442 510377
158442 513027
158442 513068
159370 72216
162467 367882
163331 403828
165263 295286
167850 19421
167850 57576
167850 75060
167850 139675
167850 162467
167850 243321
167850 260935
167850 267936
167850 283289
167850 367882
167850 380067
167850 385559
167850 397764
167850 401583
167850 431472
167850 436333
167850 452147
167850 466750
167850 472162
167850 496493
167850 497062
167850 507120
167850 507921
167850 508038
167850 509833
167850 509975
167850 510047
167850 511187
167850 511253
167850 511971
167850 512522
175814 449
175814 15811
175814 229318
175814 397764
175814 466750
178692 10127
178692 167850
178692 246662
186134 167850
186134 364819
186134 380067
214264 175814
216043 158442
225694 167850
225694 380067
229318 57576
231142 175814
237793 186134
243321 19421
246662 167850
246662 295286
248158 158442
256317 367990
260935 186134
260935 367882
260935 497359
274320 367882
283289 367882
295286 15811
295286 18306
295286 72216
295286 158442
295286 178692
295286 225694
295286 354663
295286 364819
295286 367990
295286 375659
295286 380067
295286 407500
295286 505338
295286 505657
295286 512184
300665 167850
300665 508421
313836 57576
320386 186134
323419 15811
323419 507589
323419 515208
331815 510211
344926 15811
344926 186134
349903 295286
353329 9868
353329 15811
354663 438008
364819 72216
364819 243321
364819 260935
364819 344926
364819 380067
367882 167850
367882 260935
367882 385559
367882 491354
367882 502741
367882 506743
367882 509378
367882 509435
367882 509657
367882 511970
367990 323419
367990 344926
367990 353329
367990 364819
367990 421095
369420 163331
375659 20275
380067 15811
380067 72216
380067 130518
380067 167850
380067 186134
380067 216043
380067 237793
380067 246662
380067 295286
380067 367990
380067 438008
380067 505338
380067 510115
384976 367990
385559 167850
397764 167850
397764 204323
397764 231142
397764 367882
397764 512092
401583 367882
403828 72216
407500 129271
421095 15811
431472 367882
436333 367882
438008 295286
451083 380067
452147 19421
452147 167850
466750 158442
466750 167850
466750 397764
472162 178692
474018 295286
488442 106828
488442 510211
493955 15811
497062 367882
497359 449
497359 167850
497359 364819
497359 384976
502741 511692
505080 506976
505338 158442
505657 10127
505657 295286
506743 260935
506837 175814
506976 76314
507120 367882
507589 367990
507921 19421
507948 295286
508038 509171
508421 167850
509171 167850
509208 397764
509378 260935
509435 75060
509575 167850
509657 260935
509833 19421
509975 367882
510047 186134
510115 167850
510211 10616
510211 158442
510377 15811
510715 15811
511037 167850
511187 15811
511253 367882
511692 367882
511925 295286
511970 397764
511971 367882
512092 175814
512184 380067
512522 497359
513027 15811
513068 295286
515208 15811
